  0.0000e+00  3.0052e+00
  1.0000e-02  1.9811e+00
  2.0000e-02  1.9477e+00
  3.0000e-02  1.9146e+00
  4.0000e-02  1.8819e+00
  5.0000e-02  1.8496e+00
  6.0000e-02  1.8176e+00
  7.0000e-02  1.7861e+00
  8.0000e-02  1.7549e+00
  9.0000e-02  1.7241e+00
  1.0000e-01  1.6937e+00
  1.1000e-01  1.6636e+00
  1.2000e-01  1.6339e+00
  1.3000e-01  1.6046e+00
  1.4000e-01  1.5756e+00
  1.5000e-01  1.5469e+00
  1.6000e-01  1.5186e+00
  1.7000e-01  1.4907e+00
  1.8000e-01  1.4630e+00
  1.9000e-01  1.4358e+00
  2.0000e-01  1.4088e+00
  2.1000e-01  1.3822e+00
  2.2000e-01  1.3559e+00
  2.3000e-01  1.3299e+00
  2.4000e-01  1.3042e+00
  2.5000e-01  1.2789e+00
  2.6000e-01  1.2539e+00
  2.7000e-01  1.2292e+00
  2.8000e-01  1.2048e+00
  2.9000e-01  1.1807e+00
  3.0000e-01  1.1569e+00
  3.1000e-01  1.1334e+00
  3.2000e-01  1.1101e+00
  3.3000e-01  1.0872e+00
  3.4000e-01  1.0646e+00
  3.5000e-01  1.0423e+00
  3.6000e-01  1.0203e+00
  3.7000e-01  9.9850e-01
  3.8000e-01  9.7703e-01
  3.9000e-01  9.5583e-01
  4.0000e-01  9.3492e-01
  4.1000e-01  9.1428e-01
  4.2000e-01  8.9391e-01
  4.3000e-01  8.7382e-01
  4.4000e-01  8.5400e-01
  4.5000e-01  8.3445e-01
  4.6000e-01  8.1516e-01
  4.7000e-01  7.9614e-01
  4.8000e-01  7.7739e-01
  4.9000e-01  7.5890e-01
  5.0000e-01  7.4067e-01
  5.1000e-01  7.2270e-01
  5.2000e-01  7.0499e-01
  5.3000e-01  6.8755e-01
  5.4000e-01  6.7036e-01
  5.5000e-01  6.5343e-01
  5.6000e-01  6.3677e-01
  5.7000e-01  6.2036e-01
  5.8000e-01  6.0421e-01
  5.9000e-01  5.8833e-01
  6.0000e-01  5.7270e-01
  6.1000e-01  5.5734e-01
  6.2000e-01  5.4225e-01
  6.3000e-01  5.2742e-01
  6.4000e-01  5.1287e-01
  6.5000e-01  4.9859e-01
  6.6000e-01  4.8459e-01
  6.7000e-01  4.7087e-01
  6.8000e-01  4.5745e-01
  6.9000e-01  4.4432e-01
  7.0000e-01  4.3149e-01
  7.1000e-01  4.1898e-01
  7.2000e-01  4.0679e-01
  7.3000e-01  3.9494e-01
  7.4000e-01  3.8344e-01
  7.5000e-01  3.7231e-01
  7.6000e-01  3.6156e-01
  7.7000e-01  3.5123e-01
  7.8000e-01  3.4134e-01
  7.9000e-01  3.3191e-01
  8.0000e-01  3.2301e-01
  8.1000e-01  3.1466e-01
  8.2000e-01  3.0692e-01
  8.3000e-01  2.9988e-01
  8.4000e-01  2.9360e-01
  8.5000e-01  2.8820e-01
  8.6000e-01  2.8381e-01
  8.7000e-01  2.8060e-01
  8.8000e-01  2.7878e-01
  8.9000e-01  2.7865e-01
  9.0000e-01  2.8058e-01
  9.1000e-01  2.8509e-01
  9.2000e-01  2.9290e-01
  9.3000e-01  3.0508e-01
  9.4000e-01  3.2320e-01
  9.5000e-01  3.4974e-01
  9.6000e-01  3.8885e-01
  9.7000e-01  4.4797e-01
  9.8000e-01  5.4200e-01
  9.9000e-01  7.0573e-01
