  0.0000e+00  1.2009e+00
  1.0000e-03  2.0160e-01
  2.0000e-03  2.0126e-01
  3.0000e-03  2.0092e-01
  4.0000e-03  2.0058e-01
  5.0000e-03  2.0024e-01
  6.0000e-03  1.9990e-01
  7.0000e-03  1.9956e-01
  8.0000e-03  1.9922e-01
  9.0000e-03  1.9888e-01
  1.0000e-02  1.9854e-01
  1.1000e-02  1.9821e-01
  1.2000e-02  1.9787e-01
  1.3000e-02  1.9753e-01
  1.4000e-02  1.9720e-01
  1.5000e-02  1.9686e-01
  1.6000e-02  1.9653e-01
  1.7000e-02  1.9619e-01
  1.8000e-02  1.9586e-01
  1.9000e-02  1.9552e-01
  2.0000e-02  1.9519e-01
  2.1000e-02  1.9485e-01
  2.2000e-02  1.9452e-01
  2.3000e-02  1.9419e-01
  2.4000e-02  1.9386e-01
  2.5000e-02  1.9352e-01
  2.6000e-02  1.9319e-01
  2.7000e-02  1.9286e-01
  2.8000e-02  1.9253e-01
  2.9000e-02  1.9220e-01
  3.0000e-02  1.9187e-01
  3.1000e-02  1.9154e-01
  3.2000e-02  1.9121e-01
  3.3000e-02  1.9088e-01
  3.4000e-02  1.9056e-01
  3.5000e-02  1.9023e-01
  3.6000e-02  1.8990e-01
  3.7000e-02  1.8957e-01
  3.8000e-02  1.8925e-01
  3.9000e-02  1.8892e-01
  4.0000e-02  1.8859e-01
  4.1000e-02  1.8827e-01
  4.2000e-02  1.8794e-01
  4.3000e-02  1.8762e-01
  4.4000e-02  1.8729e-01
  4.5000e-02  1.8697e-01
  4.6000e-02  1.8665e-01
  4.7000e-02  1.8632e-01
  4.8000e-02  1.8600e-01
  4.9000e-02  1.8568e-01
  5.0000e-02  1.8536e-01
  5.1000e-02  1.8503e-01
  5.2000e-02  1.8471e-01
  5.3000e-02  1.8439e-01
  5.4000e-02  1.8407e-01
  5.5000e-02  1.8375e-01
  5.6000e-02  1.8343e-01
  5.7000e-02  1.8311e-01
  5.8000e-02  1.8279e-01
  5.9000e-02  1.8247e-01
  6.0000e-02  1.8216e-01
  6.1000e-02  1.8184e-01
  6.2000e-02  1.8152e-01
  6.3000e-02  1.8120e-01
  6.4000e-02  1.8089e-01
  6.5000e-02  1.8057e-01
  6.6000e-02  1.8025e-01
  6.7000e-02  1.7994e-01
  6.8000e-02  1.7962e-01
  6.9000e-02  1.7931e-01
  7.0000e-02  1.7899e-01
  7.1000e-02  1.7868e-01
  7.2000e-02  1.7837e-01
  7.3000e-02  1.7805e-01
  7.4000e-02  1.7774e-01
  7.5000e-02  1.7743e-01
  7.6000e-02  1.7712e-01
  7.7000e-02  1.7680e-01
  7.8000e-02  1.7649e-01
  7.9000e-02  1.7618e-01
  8.0000e-02  1.7587e-01
  8.1000e-02  1.7556e-01
  8.2000e-02  1.7525e-01
  8.3000e-02  1.7494e-01
  8.4000e-02  1.7463e-01
  8.5000e-02  1.7432e-01
  8.6000e-02  1.7401e-01
  8.7000e-02  1.7371e-01
  8.8000e-02  1.7340e-01
  8.9000e-02  1.7309e-01
  9.0000e-02  1.7278e-01
  9.1000e-02  1.7248e-01
  9.2000e-02  1.7217e-01
  9.3000e-02  1.7186e-01
  9.4000e-02  1.7156e-01
  9.5000e-02  1.7125e-01
  9.6000e-02  1.7095e-01
  9.7000e-02  1.7064e-01
  9.8000e-02  1.7034e-01
  9.9000e-02  1.7004e-01
  1.0000e-01  1.6973e-01
  1.0100e-01  1.6943e-01
  1.0200e-01  1.6913e-01
  1.0300e-01  1.6882e-01
  1.0400e-01  1.6852e-01
  1.0500e-01  1.6822e-01
  1.0600e-01  1.6792e-01
  1.0700e-01  1.6762e-01
  1.0800e-01  1.6732e-01
  1.0900e-01  1.6702e-01
  1.1000e-01  1.6672e-01
  1.1100e-01  1.6642e-01
  1.1200e-01  1.6612e-01
  1.1300e-01  1.6582e-01
  1.1400e-01  1.6552e-01
  1.1500e-01  1.6523e-01
  1.1600e-01  1.6493e-01
  1.1700e-01  1.6463e-01
  1.1800e-01  1.6433e-01
  1.1900e-01  1.6404e-01
  1.2000e-01  1.6374e-01
  1.2100e-01  1.6345e-01
  1.2200e-01  1.6315e-01
  1.2300e-01  1.6285e-01
  1.2400e-01  1.6256e-01
  1.2500e-01  1.6227e-01
  1.2600e-01  1.6197e-01
  1.2700e-01  1.6168e-01
  1.2800e-01  1.6138e-01
  1.2900e-01  1.6109e-01
  1.3000e-01  1.6080e-01
  1.3100e-01  1.6051e-01
  1.3200e-01  1.6021e-01
  1.3300e-01  1.5992e-01
  1.3400e-01  1.5963e-01
  1.3500e-01  1.5934e-01
  1.3600e-01  1.5905e-01
  1.3700e-01  1.5876e-01
  1.3800e-01  1.5847e-01
  1.3900e-01  1.5818e-01
  1.4000e-01  1.5789e-01
  1.4100e-01  1.5760e-01
  1.4200e-01  1.5732e-01
  1.4300e-01  1.5703e-01
  1.4400e-01  1.5674e-01
  1.4500e-01  1.5645e-01
  1.4600e-01  1.5617e-01
  1.4700e-01  1.5588e-01
  1.4800e-01  1.5559e-01
  1.4900e-01  1.5531e-01
  1.5000e-01  1.5502e-01
  1.5100e-01  1.5474e-01
  1.5200e-01  1.5445e-01
  1.5300e-01  1.5417e-01
  1.5400e-01  1.5388e-01
  1.5500e-01  1.5360e-01
  1.5600e-01  1.5331e-01
  1.5700e-01  1.5303e-01
  1.5800e-01  1.5275e-01
  1.5900e-01  1.5247e-01
  1.6000e-01  1.5218e-01
  1.6100e-01  1.5190e-01
  1.6200e-01  1.5162e-01
  1.6300e-01  1.5134e-01
  1.6400e-01  1.5106e-01
  1.6500e-01  1.5078e-01
  1.6600e-01  1.5050e-01
  1.6700e-01  1.5022e-01
  1.6800e-01  1.4994e-01
  1.6900e-01  1.4966e-01
  1.7000e-01  1.4938e-01
  1.7100e-01  1.4910e-01
  1.7200e-01  1.4882e-01
  1.7300e-01  1.4855e-01
  1.7400e-01  1.4827e-01
  1.7500e-01  1.4799e-01
  1.7600e-01  1.4772e-01
  1.7700e-01  1.4744e-01
  1.7800e-01  1.4716e-01
  1.7900e-01  1.4689e-01
  1.8000e-01  1.4661e-01
  1.8100e-01  1.4634e-01
  1.8200e-01  1.4606e-01
  1.8300e-01  1.4579e-01
  1.8400e-01  1.4551e-01
  1.8500e-01  1.4524e-01
  1.8600e-01  1.4497e-01
  1.8700e-01  1.4469e-01
  1.8800e-01  1.4442e-01
  1.8900e-01  1.4415e-01
  1.9000e-01  1.4388e-01
  1.9100e-01  1.4361e-01
  1.9200e-01  1.4333e-01
  1.9300e-01  1.4306e-01
  1.9400e-01  1.4279e-01
  1.9500e-01  1.4252e-01
  1.9600e-01  1.4225e-01
  1.9700e-01  1.4198e-01
  1.9800e-01  1.4171e-01
  1.9900e-01  1.4144e-01
  2.0000e-01  1.4118e-01
  2.0100e-01  1.4091e-01
  2.0200e-01  1.4064e-01
  2.0300e-01  1.4037e-01
  2.0400e-01  1.4010e-01
  2.0500e-01  1.3984e-01
  2.0600e-01  1.3957e-01
  2.0700e-01  1.3930e-01
  2.0800e-01  1.3904e-01
  2.0900e-01  1.3877e-01
  2.1000e-01  1.3851e-01
  2.1100e-01  1.3824e-01
  2.1200e-01  1.3798e-01
  2.1300e-01  1.3771e-01
  2.1400e-01  1.3745e-01
  2.1500e-01  1.3718e-01
  2.1600e-01  1.3692e-01
  2.1700e-01  1.3666e-01
  2.1800e-01  1.3640e-01
  2.1900e-01  1.3613e-01
  2.2000e-01  1.3587e-01
  2.2100e-01  1.3561e-01
  2.2200e-01  1.3535e-01
  2.2300e-01  1.3509e-01
  2.2400e-01  1.3483e-01
  2.2500e-01  1.3456e-01
  2.2600e-01  1.3430e-01
  2.2700e-01  1.3404e-01
  2.2800e-01  1.3378e-01
  2.2900e-01  1.3353e-01
  2.3000e-01  1.3327e-01
  2.3100e-01  1.3301e-01
  2.3200e-01  1.3275e-01
  2.3300e-01  1.3249e-01
  2.3400e-01  1.3223e-01
  2.3500e-01  1.3198e-01
  2.3600e-01  1.3172e-01
  2.3700e-01  1.3146e-01
  2.3800e-01  1.3121e-01
  2.3900e-01  1.3095e-01
  2.4000e-01  1.3069e-01
  2.4100e-01  1.3044e-01
  2.4200e-01  1.3018e-01
  2.4300e-01  1.2993e-01
  2.4400e-01  1.2968e-01
  2.4500e-01  1.2942e-01
  2.4600e-01  1.2917e-01
  2.4700e-01  1.2891e-01
  2.4800e-01  1.2866e-01
  2.4900e-01  1.2841e-01
  2.5000e-01  1.2815e-01
  2.5100e-01  1.2790e-01
  2.5200e-01  1.2765e-01
  2.5300e-01  1.2740e-01
  2.5400e-01  1.2715e-01
  2.5500e-01  1.2690e-01
  2.5600e-01  1.2665e-01
  2.5700e-01  1.2640e-01
  2.5800e-01  1.2615e-01
  2.5900e-01  1.2590e-01
  2.6000e-01  1.2565e-01
  2.6100e-01  1.2540e-01
  2.6200e-01  1.2515e-01
  2.6300e-01  1.2490e-01
  2.6400e-01  1.2465e-01
  2.6500e-01  1.2440e-01
  2.6600e-01  1.2416e-01
  2.6700e-01  1.2391e-01
  2.6800e-01  1.2366e-01
  2.6900e-01  1.2342e-01
  2.7000e-01  1.2317e-01
  2.7100e-01  1.2292e-01
  2.7200e-01  1.2268e-01
  2.7300e-01  1.2243e-01
  2.7400e-01  1.2219e-01
  2.7500e-01  1.2194e-01
  2.7600e-01  1.2170e-01
  2.7700e-01  1.2145e-01
  2.7800e-01  1.2121e-01
  2.7900e-01  1.2097e-01
  2.8000e-01  1.2072e-01
  2.8100e-01  1.2048e-01
  2.8200e-01  1.2024e-01
  2.8300e-01  1.1999e-01
  2.8400e-01  1.1975e-01
  2.8500e-01  1.1951e-01
  2.8600e-01  1.1927e-01
  2.8700e-01  1.1903e-01
  2.8800e-01  1.1879e-01
  2.8900e-01  1.1855e-01
  2.9000e-01  1.1831e-01
  2.9100e-01  1.1807e-01
  2.9200e-01  1.1783e-01
  2.9300e-01  1.1759e-01
  2.9400e-01  1.1735e-01
  2.9500e-01  1.1711e-01
  2.9600e-01  1.1687e-01
  2.9700e-01  1.1663e-01
  2.9800e-01  1.1640e-01
  2.9900e-01  1.1616e-01
  3.0000e-01  1.1592e-01
  3.0100e-01  1.1568e-01
  3.0200e-01  1.1545e-01
  3.0300e-01  1.1521e-01
  3.0400e-01  1.1498e-01
  3.0500e-01  1.1474e-01
  3.0600e-01  1.1450e-01
  3.0700e-01  1.1427e-01
  3.0800e-01  1.1403e-01
  3.0900e-01  1.1380e-01
  3.1000e-01  1.1357e-01
  3.1100e-01  1.1333e-01
  3.1200e-01  1.1310e-01
  3.1300e-01  1.1286e-01
  3.1400e-01  1.1263e-01
  3.1500e-01  1.1240e-01
  3.1600e-01  1.1217e-01
  3.1700e-01  1.1193e-01
  3.1800e-01  1.1170e-01
  3.1900e-01  1.1147e-01
  3.2000e-01  1.1124e-01
  3.2100e-01  1.1101e-01
  3.2200e-01  1.1078e-01
  3.2300e-01  1.1055e-01
  3.2400e-01  1.1032e-01
  3.2500e-01  1.1009e-01
  3.2600e-01  1.0986e-01
  3.2700e-01  1.0963e-01
  3.2800e-01  1.0940e-01
  3.2900e-01  1.0917e-01
  3.3000e-01  1.0894e-01
  3.3100e-01  1.0872e-01
  3.3200e-01  1.0849e-01
  3.3300e-01  1.0826e-01
  3.3400e-01  1.0803e-01
  3.3500e-01  1.0781e-01
  3.3600e-01  1.0758e-01
  3.3700e-01  1.0735e-01
  3.3800e-01  1.0713e-01
  3.3900e-01  1.0690e-01
  3.4000e-01  1.0668e-01
  3.4100e-01  1.0645e-01
  3.4200e-01  1.0623e-01
  3.4300e-01  1.0600e-01
  3.4400e-01  1.0578e-01
  3.4500e-01  1.0555e-01
  3.4600e-01  1.0533e-01
  3.4700e-01  1.0511e-01
  3.4800e-01  1.0488e-01
  3.4900e-01  1.0466e-01
  3.5000e-01  1.0444e-01
  3.5100e-01  1.0422e-01
  3.5200e-01  1.0400e-01
  3.5300e-01  1.0377e-01
  3.5400e-01  1.0355e-01
  3.5500e-01  1.0333e-01
  3.5600e-01  1.0311e-01
  3.5700e-01  1.0289e-01
  3.5800e-01  1.0267e-01
  3.5900e-01  1.0245e-01
  3.6000e-01  1.0223e-01
  3.6100e-01  1.0201e-01
  3.6200e-01  1.0179e-01
  3.6300e-01  1.0157e-01
  3.6400e-01  1.0135e-01
  3.6500e-01  1.0114e-01
  3.6600e-01  1.0092e-01
  3.6700e-01  1.0070e-01
  3.6800e-01  1.0048e-01
  3.6900e-01  1.0027e-01
  3.7000e-01  1.0005e-01
  3.7100e-01  9.9833e-02
  3.7200e-01  9.9617e-02
  3.7300e-01  9.9401e-02
  3.7400e-01  9.9186e-02
  3.7500e-01  9.8970e-02
  3.7600e-01  9.8755e-02
  3.7700e-01  9.8540e-02
  3.7800e-01  9.8326e-02
  3.7900e-01  9.8112e-02
  3.8000e-01  9.7898e-02
  3.8100e-01  9.7684e-02
  3.8200e-01  9.7471e-02
  3.8300e-01  9.7258e-02
  3.8400e-01  9.7045e-02
  3.8500e-01  9.6832e-02
  3.8600e-01  9.6620e-02
  3.8700e-01  9.6408e-02
  3.8800e-01  9.6196e-02
  3.8900e-01  9.5985e-02
  3.9000e-01  9.5774e-02
  3.9100e-01  9.5563e-02
  3.9200e-01  9.5352e-02
  3.9300e-01  9.5142e-02
  3.9400e-01  9.4932e-02
  3.9500e-01  9.4722e-02
  3.9600e-01  9.4513e-02
  3.9700e-01  9.4304e-02
  3.9800e-01  9.4095e-02
  3.9900e-01  9.3886e-02
  4.0000e-01  9.3678e-02
  4.0100e-01  9.3470e-02
  4.0200e-01  9.3262e-02
  4.0300e-01  9.3054e-02
  4.0400e-01  9.2847e-02
  4.0500e-01  9.2640e-02
  4.0600e-01  9.2434e-02
  4.0700e-01  9.2227e-02
  4.0800e-01  9.2021e-02
  4.0900e-01  9.1815e-02
  4.1000e-01  9.1610e-02
  4.1100e-01  9.1404e-02
  4.1200e-01  9.1199e-02
  4.1300e-01  9.0994e-02
  4.1400e-01  9.0790e-02
  4.1500e-01  9.0586e-02
  4.1600e-01  9.0382e-02
  4.1700e-01  9.0178e-02
  4.1800e-01  8.9975e-02
  4.1900e-01  8.9772e-02
  4.2000e-01  8.9569e-02
  4.2100e-01  8.9366e-02
  4.2200e-01  8.9164e-02
  4.2300e-01  8.8962e-02
  4.2400e-01  8.8760e-02
  4.2500e-01  8.8559e-02
  4.2600e-01  8.8358e-02
  4.2700e-01  8.8157e-02
  4.2800e-01  8.7956e-02
  4.2900e-01  8.7756e-02
  4.3000e-01  8.7556e-02
  4.3100e-01  8.7356e-02
  4.3200e-01  8.7156e-02
  4.3300e-01  8.6957e-02
  4.3400e-01  8.6758e-02
  4.3500e-01  8.6559e-02
  4.3600e-01  8.6361e-02
  4.3700e-01  8.6163e-02
  4.3800e-01  8.5965e-02
  4.3900e-01  8.5767e-02
  4.4000e-01  8.5570e-02
  4.4100e-01  8.5372e-02
  4.4200e-01  8.5176e-02
  4.4300e-01  8.4979e-02
  4.4400e-01  8.4783e-02
  4.4500e-01  8.4587e-02
  4.4600e-01  8.4391e-02
  4.4700e-01  8.4195e-02
  4.4800e-01  8.4000e-02
  4.4900e-01  8.3805e-02
  4.5000e-01  8.3611e-02
  4.5100e-01  8.3416e-02
  4.5200e-01  8.3222e-02
  4.5300e-01  8.3028e-02
  4.5400e-01  8.2834e-02
  4.5500e-01  8.2641e-02
  4.5600e-01  8.2448e-02
  4.5700e-01  8.2255e-02
  4.5800e-01  8.2063e-02
  4.5900e-01  8.1870e-02
  4.6000e-01  8.1678e-02
  4.6100e-01  8.1487e-02
  4.6200e-01  8.1295e-02
  4.6300e-01  8.1104e-02
  4.6400e-01  8.0913e-02
  4.6500e-01  8.0722e-02
  4.6600e-01  8.0532e-02
  4.6700e-01  8.0342e-02
  4.6800e-01  8.0152e-02
  4.6900e-01  7.9962e-02
  4.7000e-01  7.9773e-02
  4.7100e-01  7.9584e-02
  4.7200e-01  7.9395e-02
  4.7300e-01  7.9207e-02
  4.7400e-01  7.9018e-02
  4.7500e-01  7.8830e-02
  4.7600e-01  7.8643e-02
  4.7700e-01  7.8455e-02
  4.7800e-01  7.8268e-02
  4.7900e-01  7.8081e-02
  4.8000e-01  7.7894e-02
  4.8100e-01  7.7708e-02
  4.8200e-01  7.7522e-02
  4.8300e-01  7.7336e-02
  4.8400e-01  7.7150e-02
  4.8500e-01  7.6965e-02
  4.8600e-01  7.6780e-02
  4.8700e-01  7.6595e-02
  4.8800e-01  7.6411e-02
  4.8900e-01  7.6226e-02
  4.9000e-01  7.6042e-02
  4.9100e-01  7.5859e-02
  4.9200e-01  7.5675e-02
  4.9300e-01  7.5492e-02
  4.9400e-01  7.5309e-02
  4.9500e-01  7.5126e-02
  4.9600e-01  7.4944e-02
  4.9700e-01  7.4762e-02
  4.9800e-01  7.4580e-02
  4.9900e-01  7.4398e-02
  5.0000e-01  7.4217e-02
  5.0100e-01  7.4035e-02
  5.0200e-01  7.3855e-02
  5.0300e-01  7.3674e-02
  5.0400e-01  7.3494e-02
  5.0500e-01  7.3314e-02
  5.0600e-01  7.3134e-02
  5.0700e-01  7.2954e-02
  5.0800e-01  7.2775e-02
  5.0900e-01  7.2596e-02
  5.1000e-01  7.2417e-02
  5.1100e-01  7.2239e-02
  5.1200e-01  7.2061e-02
  5.1300e-01  7.1883e-02
  5.1400e-01  7.1705e-02
  5.1500e-01  7.1528e-02
  5.1600e-01  7.1350e-02
  5.1700e-01  7.1173e-02
  5.1800e-01  7.0997e-02
  5.1900e-01  7.0820e-02
  5.2000e-01  7.0644e-02
  5.2100e-01  7.0469e-02
  5.2200e-01  7.0293e-02
  5.2300e-01  7.0118e-02
  5.2400e-01  6.9943e-02
  5.2500e-01  6.9768e-02
  5.2600e-01  6.9593e-02
  5.2700e-01  6.9419e-02
  5.2800e-01  6.9245e-02
  5.2900e-01  6.9071e-02
  5.3000e-01  6.8898e-02
  5.3100e-01  6.8725e-02
  5.3200e-01  6.8552e-02
  5.3300e-01  6.8379e-02
  5.3400e-01  6.8206e-02
  5.3500e-01  6.8034e-02
  5.3600e-01  6.7862e-02
  5.3700e-01  6.7691e-02
  5.3800e-01  6.7519e-02
  5.3900e-01  6.7348e-02
  5.4000e-01  6.7177e-02
  5.4100e-01  6.7007e-02
  5.4200e-01  6.6836e-02
  5.4300e-01  6.6666e-02
  5.4400e-01  6.6497e-02
  5.4500e-01  6.6327e-02
  5.4600e-01  6.6158e-02
  5.4700e-01  6.5989e-02
  5.4800e-01  6.5820e-02
  5.4900e-01  6.5651e-02
  5.5000e-01  6.5483e-02
  5.5100e-01  6.5315e-02
  5.5200e-01  6.5148e-02
  5.5300e-01  6.4980e-02
  5.5400e-01  6.4813e-02
  5.5500e-01  6.4646e-02
  5.5600e-01  6.4479e-02
  5.5700e-01  6.4313e-02
  5.5800e-01  6.4147e-02
  5.5900e-01  6.3981e-02
  5.6000e-01  6.3815e-02
  5.6100e-01  6.3650e-02
  5.6200e-01  6.3485e-02
  5.6300e-01  6.3320e-02
  5.6400e-01  6.3156e-02
  5.6500e-01  6.2991e-02
  5.6600e-01  6.2827e-02
  5.6700e-01  6.2664e-02
  5.6800e-01  6.2500e-02
  5.6900e-01  6.2337e-02
  5.7000e-01  6.2174e-02
  5.7100e-01  6.2011e-02
  5.7200e-01  6.1849e-02
  5.7300e-01  6.1687e-02
  5.7400e-01  6.1525e-02
  5.7500e-01  6.1363e-02
  5.7600e-01  6.1202e-02
  5.7700e-01  6.1041e-02
  5.7800e-01  6.0880e-02
  5.7900e-01  6.0719e-02
  5.8000e-01  6.0559e-02
  5.8100e-01  6.0399e-02
  5.8200e-01  6.0239e-02
  5.8300e-01  6.0080e-02
  5.8400e-01  5.9921e-02
  5.8500e-01  5.9762e-02
  5.8600e-01  5.9603e-02
  5.8700e-01  5.9445e-02
  5.8800e-01  5.9286e-02
  5.8900e-01  5.9128e-02
  5.9000e-01  5.8971e-02
  5.9100e-01  5.8813e-02
  5.9200e-01  5.8656e-02
  5.9300e-01  5.8500e-02
  5.9400e-01  5.8343e-02
  5.9500e-01  5.8187e-02
  5.9600e-01  5.8031e-02
  5.9700e-01  5.7875e-02
  5.9800e-01  5.7719e-02
  5.9900e-01  5.7564e-02
  6.0000e-01  5.7409e-02
  6.0100e-01  5.7255e-02
  6.0200e-01  5.7100e-02
  6.0300e-01  5.6946e-02
  6.0400e-01  5.6792e-02
  6.0500e-01  5.6639e-02
  6.0600e-01  5.6485e-02
  6.0700e-01  5.6332e-02
  6.0800e-01  5.6179e-02
  6.0900e-01  5.6027e-02
  6.1000e-01  5.5875e-02
  6.1100e-01  5.5723e-02
  6.1200e-01  5.5571e-02
  6.1300e-01  5.5420e-02
  6.1400e-01  5.5268e-02
  6.1500e-01  5.5117e-02
  6.1600e-01  5.4967e-02
  6.1700e-01  5.4817e-02
  6.1800e-01  5.4666e-02
  6.1900e-01  5.4517e-02
  6.2000e-01  5.4367e-02
  6.2100e-01  5.4218e-02
  6.2200e-01  5.4069e-02
  6.2300e-01  5.3920e-02
  6.2400e-01  5.3772e-02
  6.2500e-01  5.3624e-02
  6.2600e-01  5.3476e-02
  6.2700e-01  5.3328e-02
  6.2800e-01  5.3181e-02
  6.2900e-01  5.3034e-02
  6.3000e-01  5.2887e-02
  6.3100e-01  5.2741e-02
  6.3200e-01  5.2595e-02
  6.3300e-01  5.2449e-02
  6.3400e-01  5.2303e-02
  6.3500e-01  5.2158e-02
  6.3600e-01  5.2013e-02
  6.3700e-01  5.1868e-02
  6.3800e-01  5.1724e-02
  6.3900e-01  5.1579e-02
  6.4000e-01  5.1435e-02
  6.4100e-01  5.1292e-02
  6.4200e-01  5.1148e-02
  6.4300e-01  5.1005e-02
  6.4400e-01  5.0862e-02
  6.4500e-01  5.0720e-02
  6.4600e-01  5.0578e-02
  6.4700e-01  5.0436e-02
  6.4800e-01  5.0294e-02
  6.4900e-01  5.0153e-02
  6.5000e-01  5.0012e-02
  6.5100e-01  4.9871e-02
  6.5200e-01  4.9730e-02
  6.5300e-01  4.9590e-02
  6.5400e-01  4.9450e-02
  6.5500e-01  4.9311e-02
  6.5600e-01  4.9171e-02
  6.5700e-01  4.9032e-02
  6.5800e-01  4.8894e-02
  6.5900e-01  4.8755e-02
  6.6000e-01  4.8617e-02
  6.6100e-01  4.8479e-02
  6.6200e-01  4.8342e-02
  6.6300e-01  4.8204e-02
  6.6400e-01  4.8067e-02
  6.6500e-01  4.7931e-02
  6.6600e-01  4.7794e-02
  6.6700e-01  4.7658e-02
  6.6800e-01  4.7522e-02
  6.6900e-01  4.7387e-02
  6.7000e-01  4.7252e-02
  6.7100e-01  4.7117e-02
  6.7200e-01  4.6982e-02
  6.7300e-01  4.6848e-02
  6.7400e-01  4.6714e-02
  6.7500e-01  4.6580e-02
  6.7600e-01  4.6447e-02
  6.7700e-01  4.6314e-02
  6.7800e-01  4.6181e-02
  6.7900e-01  4.6049e-02
  6.8000e-01  4.5917e-02
  6.8100e-01  4.5785e-02
  6.8200e-01  4.5653e-02
  6.8300e-01  4.5522e-02
  6.8400e-01  4.5391e-02
  6.8500e-01  4.5261e-02
  6.8600e-01  4.5130e-02
  6.8700e-01  4.5000e-02
  6.8800e-01  4.4871e-02
  6.8900e-01  4.4742e-02
  6.9000e-01  4.4613e-02
  6.9100e-01  4.4484e-02
  6.9200e-01  4.4356e-02
  6.9300e-01  4.4228e-02
  6.9400e-01  4.4100e-02
  6.9500e-01  4.3972e-02
  6.9600e-01  4.3845e-02
  6.9700e-01  4.3719e-02
  6.9800e-01  4.3592e-02
  6.9900e-01  4.3466e-02
  7.0000e-01  4.3341e-02
  7.0100e-01  4.3215e-02
  7.0200e-01  4.3090e-02
  7.0300e-01  4.2965e-02
  7.0400e-01  4.2841e-02
  7.0500e-01  4.2717e-02
  7.0600e-01  4.2593e-02
  7.0700e-01  4.2470e-02
  7.0800e-01  4.2347e-02
  7.0900e-01  4.2224e-02
  7.1000e-01  4.2102e-02
  7.1100e-01  4.1980e-02
  7.1200e-01  4.1858e-02
  7.1300e-01  4.1737e-02
  7.1400e-01  4.1616e-02
  7.1500e-01  4.1495e-02
  7.1600e-01  4.1375e-02
  7.1700e-01  4.1255e-02
  7.1800e-01  4.1135e-02
  7.1900e-01  4.1016e-02
  7.2000e-01  4.0897e-02
  7.2100e-01  4.0779e-02
  7.2200e-01  4.0661e-02
  7.2300e-01  4.0543e-02
  7.2400e-01  4.0426e-02
  7.2500e-01  4.0309e-02
  7.2600e-01  4.0192e-02
  7.2700e-01  4.0076e-02
  7.2800e-01  3.9960e-02
  7.2900e-01  3.9844e-02
  7.3000e-01  3.9729e-02
  7.3100e-01  3.9614e-02
  7.3200e-01  3.9500e-02
  7.3300e-01  3.9386e-02
  7.3400e-01  3.9272e-02
  7.3500e-01  3.9159e-02
  7.3600e-01  3.9046e-02
  7.3700e-01  3.8934e-02
  7.3800e-01  3.8822e-02
  7.3900e-01  3.8710e-02
  7.4000e-01  3.8599e-02
  7.4100e-01  3.8488e-02
  7.4200e-01  3.8377e-02
  7.4300e-01  3.8267e-02
  7.4400e-01  3.8158e-02
  7.4500e-01  3.8048e-02
  7.4600e-01  3.7939e-02
  7.4700e-01  3.7831e-02
  7.4800e-01  3.7723e-02
  7.4900e-01  3.7615e-02
  7.5000e-01  3.7508e-02
  7.5100e-01  3.7402e-02
  7.5200e-01  3.7295e-02
  7.5300e-01  3.7189e-02
  7.5400e-01  3.7084e-02
  7.5500e-01  3.6979e-02
  7.5600e-01  3.6874e-02
  7.5700e-01  3.6770e-02
  7.5800e-01  3.6667e-02
  7.5900e-01  3.6563e-02
  7.6000e-01  3.6461e-02
  7.6100e-01  3.6358e-02
  7.6200e-01  3.6256e-02
  7.6300e-01  3.6155e-02
  7.6400e-01  3.6054e-02
  7.6500e-01  3.5954e-02
  7.6600e-01  3.5854e-02
  7.6700e-01  3.5754e-02
  7.6800e-01  3.5655e-02
  7.6900e-01  3.5557e-02
  7.7000e-01  3.5459e-02
  7.7100e-01  3.5361e-02
  7.7200e-01  3.5264e-02
  7.7300e-01  3.5168e-02
  7.7400e-01  3.5071e-02
  7.7500e-01  3.4976e-02
  7.7600e-01  3.4881e-02
  7.7700e-01  3.4786e-02
  7.7800e-01  3.4692e-02
  7.7900e-01  3.4599e-02
  7.8000e-01  3.4506e-02
  7.8100e-01  3.4414e-02
  7.8200e-01  3.4322e-02
  7.8300e-01  3.4231e-02
  7.8400e-01  3.4140e-02
  7.8500e-01  3.4050e-02
  7.8600e-01  3.3960e-02
  7.8700e-01  3.3871e-02
  7.8800e-01  3.3782e-02
  7.8900e-01  3.3694e-02
  7.9000e-01  3.3607e-02
  7.9100e-01  3.3520e-02
  7.9200e-01  3.3434e-02
  7.9300e-01  3.3349e-02
  7.9400e-01  3.3264e-02
  7.9500e-01  3.3179e-02
  7.9600e-01  3.3096e-02
  7.9700e-01  3.3012e-02
  7.9800e-01  3.2930e-02
  7.9900e-01  3.2848e-02
  8.0000e-01  3.2767e-02
  8.0100e-01  3.2686e-02
  8.0200e-01  3.2607e-02
  8.0300e-01  3.2527e-02
  8.0400e-01  3.2449e-02
  8.0500e-01  3.2371e-02
  8.0600e-01  3.2294e-02
  8.0700e-01  3.2217e-02
  8.0800e-01  3.2142e-02
  8.0900e-01  3.2067e-02
  8.1000e-01  3.1992e-02
  8.1100e-01  3.1919e-02
  8.1200e-01  3.1846e-02
  8.1300e-01  3.1774e-02
  8.1400e-01  3.1702e-02
  8.1500e-01  3.1632e-02
  8.1600e-01  3.1562e-02
  8.1700e-01  3.1493e-02
  8.1800e-01  3.1425e-02
  8.1900e-01  3.1357e-02
  8.2000e-01  3.1291e-02
  8.2100e-01  3.1225e-02
  8.2200e-01  3.1160e-02
  8.2300e-01  3.1096e-02
  8.2400e-01  3.1033e-02
  8.2500e-01  3.0970e-02
  8.2600e-01  3.0909e-02
  8.2700e-01  3.0848e-02
  8.2800e-01  3.0788e-02
  8.2900e-01  3.0730e-02
  8.3000e-01  3.0672e-02
  8.3100e-01  3.0615e-02
  8.3200e-01  3.0559e-02
  8.3300e-01  3.0504e-02
  8.3400e-01  3.0450e-02
  8.3500e-01  3.0397e-02
  8.3600e-01  3.0345e-02
  8.3700e-01  3.0294e-02
  8.3800e-01  3.0244e-02
  8.3900e-01  3.0196e-02
  8.4000e-01  3.0148e-02
  8.4100e-01  3.0101e-02
  8.4200e-01  3.0056e-02
  8.4300e-01  3.0012e-02
  8.4400e-01  2.9968e-02
  8.4500e-01  2.9926e-02
  8.4600e-01  2.9885e-02
  8.4700e-01  2.9846e-02
  8.4800e-01  2.9807e-02
  8.4900e-01  2.9770e-02
  8.5000e-01  2.9734e-02
  8.5100e-01  2.9700e-02
  8.5200e-01  2.9667e-02
  8.5300e-01  2.9635e-02
  8.5400e-01  2.9604e-02
  8.5500e-01  2.9575e-02
  8.5600e-01  2.9547e-02
  8.5700e-01  2.9521e-02
  8.5800e-01  2.9496e-02
  8.5900e-01  2.9473e-02
  8.6000e-01  2.9451e-02
  8.6100e-01  2.9431e-02
  8.6200e-01  2.9412e-02
  8.6300e-01  2.9395e-02
  8.6400e-01  2.9380e-02
  8.6500e-01  2.9366e-02
  8.6600e-01  2.9354e-02
  8.6700e-01  2.9344e-02
  8.6800e-01  2.9335e-02
  8.6900e-01  2.9328e-02
  8.7000e-01  2.9324e-02
  8.7100e-01  2.9321e-02
  8.7200e-01  2.9320e-02
  8.7300e-01  2.9321e-02
  8.7400e-01  2.9324e-02
  8.7500e-01  2.9329e-02
  8.7600e-01  2.9336e-02
  8.7700e-01  2.9345e-02
  8.7800e-01  2.9357e-02
  8.7900e-01  2.9370e-02
  8.8000e-01  2.9386e-02
  8.8100e-01  2.9405e-02
  8.8200e-01  2.9426e-02
  8.8300e-01  2.9449e-02
  8.8400e-01  2.9475e-02
  8.8500e-01  2.9503e-02
  8.8600e-01  2.9534e-02
  8.8700e-01  2.9568e-02
  8.8800e-01  2.9604e-02
  8.8900e-01  2.9644e-02
  8.9000e-01  2.9686e-02
  8.9100e-01  2.9731e-02
  8.9200e-01  2.9780e-02
  8.9300e-01  2.9831e-02
  8.9400e-01  2.9886e-02
  8.9500e-01  2.9944e-02
  8.9600e-01  3.0006e-02
  8.9700e-01  3.0071e-02
  8.9800e-01  3.0139e-02
  8.9900e-01  3.0212e-02
  9.0000e-01  3.0288e-02
  9.0100e-01  3.0368e-02
  9.0200e-01  3.0452e-02
  9.0300e-01  3.0540e-02
  9.0400e-01  3.0633e-02
  9.0500e-01  3.0730e-02
  9.0600e-01  3.0831e-02
  9.0700e-01  3.0937e-02
  9.0800e-01  3.1048e-02
  9.0900e-01  3.1164e-02
  9.1000e-01  3.1285e-02
  9.1100e-01  3.1411e-02
  9.1200e-01  3.1543e-02
  9.1300e-01  3.1680e-02
  9.1400e-01  3.1823e-02
  9.1500e-01  3.1973e-02
  9.1600e-01  3.2128e-02
  9.1700e-01  3.2290e-02
  9.1800e-01  3.2458e-02
  9.1900e-01  3.2634e-02
  9.2000e-01  3.2816e-02
  9.2100e-01  3.3006e-02
  9.2200e-01  3.3204e-02
  9.2300e-01  3.3409e-02
  9.2400e-01  3.3623e-02
  9.2500e-01  3.3845e-02
  9.2600e-01  3.4077e-02
  9.2700e-01  3.4317e-02
  9.2800e-01  3.4567e-02
  9.2900e-01  3.4828e-02
  9.3000e-01  3.5098e-02
  9.3100e-01  3.5380e-02
  9.3200e-01  3.5672e-02
  9.3300e-01  3.5977e-02
  9.3400e-01  3.6294e-02
  9.3500e-01  3.6624e-02
  9.3600e-01  3.6967e-02
  9.3700e-01  3.7324e-02
  9.3800e-01  3.7696e-02
  9.3900e-01  3.8083e-02
  9.4000e-01  3.8487e-02
  9.4100e-01  3.8907e-02
  9.4200e-01  3.9345e-02
  9.4300e-01  3.9802e-02
  9.4400e-01  4.0279e-02
  9.4500e-01  4.0776e-02
  9.4600e-01  4.1295e-02
  9.4700e-01  4.1836e-02
  9.4800e-01  4.2402e-02
  9.4900e-01  4.2994e-02
  9.5000e-01  4.3612e-02
  9.5100e-01  4.4259e-02
  9.5200e-01  4.4937e-02
  9.5300e-01  4.5646e-02
  9.5400e-01  4.6390e-02
  9.5500e-01  4.7170e-02
  9.5600e-01  4.7988e-02
  9.5700e-01  4.8848e-02
  9.5800e-01  4.9752e-02
  9.5900e-01  5.0703e-02
  9.6000e-01  5.1704e-02
  9.6100e-01  5.2760e-02
  9.6200e-01  5.3874e-02
  9.6300e-01  5.5050e-02
  9.6400e-01  5.6294e-02
  9.6500e-01  5.7611e-02
  9.6600e-01  5.9007e-02
  9.6700e-01  6.0489e-02
  9.6800e-01  6.2065e-02
  9.6900e-01  6.3742e-02
  9.7000e-01  6.5531e-02
  9.7100e-01  6.7443e-02
  9.7200e-01  6.9488e-02
  9.7300e-01  7.1682e-02
  9.7400e-01  7.4041e-02
  9.7500e-01  7.6582e-02
  9.7600e-01  7.9326e-02
  9.7700e-01  8.2298e-02
  9.7800e-01  8.5527e-02
  9.7900e-01  8.9046e-02
  9.8000e-01  9.2894e-02
  9.8100e-01  9.7118e-02
  9.8200e-01  1.0178e-01
  9.8300e-01  1.0693e-01
  9.8400e-01  1.1268e-01
  9.8500e-01  1.1911e-01
  9.8600e-01  1.2636e-01
  9.8700e-01  1.3458e-01
  9.8800e-01  1.4400e-01
  9.8900e-01  1.5488e-01
  9.9000e-01  1.6760e-01
  9.9100e-01  1.8264e-01
  9.9200e-01  2.0071e-01
  9.9300e-01  2.2282e-01
  9.9400e-01  2.5049e-01
  9.9500e-01  2.8609e-01
  9.9600e-01  3.3358e-01
  9.9700e-01  4.0012e-01
  9.9800e-01  4.9997e-01
  9.9900e-01  6.6646e-01
