10 4.9491e-05 2.4566e-05
10 4.3264e-05 1.6563e-05
10 4.417e-05 1.6359e-05
10 4.6198e-05 1.7357e-05
10 4.3488e-05 1.6518e-05
100 0.000228386 7.7607e-05
100 0.000104535 4.2093e-05
100 0.000116432 4.2928e-05
100 0.000120905 4.0908e-05
100 0.000118439 4.6744e-05
1000 0.000652753 0.000254535
1000 0.000599921 0.000229718
1000 0.000614379 0.000229356
1000 0.000799279 0.000272656
1000 0.000582948 0.000237233
10000 0.00853017 0.00269612
10000 0.00940116 0.00254515
10000 0.00610589 0.00252829
10000 0.00594857 0.00257064
10000 0.00604184 0.00270556
100000 0.0569145 0.025333
100000 0.0547339 0.0252756
100000 0.0589686 0.0252224
100000 0.0597517 0.0258603
100000 0.0549402 0.0253398
1000000 0.576038 0.239635
1000000 0.575476 0.244575
1000000 0.631317 0.28763
1000000 0.587485 0.236334
1000000 0.602458 0.227981
