  0.0000e+00  1.3578e-04
  1.0000e-03  1.9926e-01
  2.0000e-03  1.9892e-01
  3.0000e-03  1.9857e-01
  4.0000e-03  1.9823e-01
  5.0000e-03  1.9789e-01
  6.0000e-03  1.9755e-01
  7.0000e-03  1.9721e-01
  8.0000e-03  1.9687e-01
  9.0000e-03  1.9653e-01
  1.0000e-02  1.9619e-01
  1.1000e-02  1.9585e-01
  1.2000e-02  1.9551e-01
  1.3000e-02  1.9517e-01
  1.4000e-02  1.9484e-01
  1.5000e-02  1.9450e-01
  1.6000e-02  1.9416e-01
  1.7000e-02  1.9382e-01
  1.8000e-02  1.9349e-01
  1.9000e-02  1.9315e-01
  2.0000e-02  1.9282e-01
  2.1000e-02  1.9248e-01
  2.2000e-02  1.9215e-01
  2.3000e-02  1.9181e-01
  2.4000e-02  1.9148e-01
  2.5000e-02  1.9115e-01
  2.6000e-02  1.9081e-01
  2.7000e-02  1.9048e-01
  2.8000e-02  1.9015e-01
  2.9000e-02  1.8982e-01
  3.0000e-02  1.8948e-01
  3.1000e-02  1.8915e-01
  3.2000e-02  1.8882e-01
  3.3000e-02  1.8849e-01
  3.4000e-02  1.8816e-01
  3.5000e-02  1.8783e-01
  3.6000e-02  1.8750e-01
  3.7000e-02  1.8717e-01
  3.8000e-02  1.8684e-01
  3.9000e-02  1.8652e-01
  4.0000e-02  1.8619e-01
  4.1000e-02  1.8586e-01
  4.2000e-02  1.8553e-01
  4.3000e-02  1.8521e-01
  4.4000e-02  1.8488e-01
  4.5000e-02  1.8456e-01
  4.6000e-02  1.8423e-01
  4.7000e-02  1.8391e-01
  4.8000e-02  1.8358e-01
  4.9000e-02  1.8326e-01
  5.0000e-02  1.8293e-01
  5.1000e-02  1.8261e-01
  5.2000e-02  1.8229e-01
  5.3000e-02  1.8196e-01
  5.4000e-02  1.8164e-01
  5.5000e-02  1.8132e-01
  5.6000e-02  1.8100e-01
  5.7000e-02  1.8068e-01
  5.8000e-02  1.8036e-01
  5.9000e-02  1.8003e-01
  6.0000e-02  1.7971e-01
  6.1000e-02  1.7939e-01
  6.2000e-02  1.7908e-01
  6.3000e-02  1.7876e-01
  6.4000e-02  1.7844e-01
  6.5000e-02  1.7812e-01
  6.6000e-02  1.7780e-01
  6.7000e-02  1.7748e-01
  6.8000e-02  1.7717e-01
  6.9000e-02  1.7685e-01
  7.0000e-02  1.7653e-01
  7.1000e-02  1.7622e-01
  7.2000e-02  1.7590e-01
  7.3000e-02  1.7559e-01
  7.4000e-02  1.7527e-01
  7.5000e-02  1.7496e-01
  7.6000e-02  1.7464e-01
  7.7000e-02  1.7433e-01
  7.8000e-02  1.7402e-01
  7.9000e-02  1.7370e-01
  8.0000e-02  1.7339e-01
  8.1000e-02  1.7308e-01
  8.2000e-02  1.7277e-01
  8.3000e-02  1.7245e-01
  8.4000e-02  1.7214e-01
  8.5000e-02  1.7183e-01
  8.6000e-02  1.7152e-01
  8.7000e-02  1.7121e-01
  8.8000e-02  1.7090e-01
  8.9000e-02  1.7059e-01
  9.0000e-02  1.7028e-01
  9.1000e-02  1.6997e-01
  9.2000e-02  1.6967e-01
  9.3000e-02  1.6936e-01
  9.4000e-02  1.6905e-01
  9.5000e-02  1.6874e-01
  9.6000e-02  1.6844e-01
  9.7000e-02  1.6813e-01
  9.8000e-02  1.6782e-01
  9.9000e-02  1.6752e-01
  1.0000e-01  1.6721e-01
  1.0100e-01  1.6691e-01
  1.0200e-01  1.6660e-01
  1.0300e-01  1.6630e-01
  1.0400e-01  1.6599e-01
  1.0500e-01  1.6569e-01
  1.0600e-01  1.6539e-01
  1.0700e-01  1.6508e-01
  1.0800e-01  1.6478e-01
  1.0900e-01  1.6448e-01
  1.1000e-01  1.6418e-01
  1.1100e-01  1.6387e-01
  1.1200e-01  1.6357e-01
  1.1300e-01  1.6327e-01
  1.1400e-01  1.6297e-01
  1.1500e-01  1.6267e-01
  1.1600e-01  1.6237e-01
  1.1700e-01  1.6207e-01
  1.1800e-01  1.6177e-01
  1.1900e-01  1.6147e-01
  1.2000e-01  1.6118e-01
  1.2100e-01  1.6088e-01
  1.2200e-01  1.6058e-01
  1.2300e-01  1.6028e-01
  1.2400e-01  1.5999e-01
  1.2500e-01  1.5969e-01
  1.2600e-01  1.5939e-01
  1.2700e-01  1.5910e-01
  1.2800e-01  1.5880e-01
  1.2900e-01  1.5851e-01
  1.3000e-01  1.5821e-01
  1.3100e-01  1.5792e-01
  1.3200e-01  1.5762e-01
  1.3300e-01  1.5733e-01
  1.3400e-01  1.5704e-01
  1.3500e-01  1.5674e-01
  1.3600e-01  1.5645e-01
  1.3700e-01  1.5616e-01
  1.3800e-01  1.5587e-01
  1.3900e-01  1.5557e-01
  1.4000e-01  1.5528e-01
  1.4100e-01  1.5499e-01
  1.4200e-01  1.5470e-01
  1.4300e-01  1.5441e-01
  1.4400e-01  1.5412e-01
  1.4500e-01  1.5383e-01
  1.4600e-01  1.5354e-01
  1.4700e-01  1.5325e-01
  1.4800e-01  1.5296e-01
  1.4900e-01  1.5267e-01
  1.5000e-01  1.5239e-01
  1.5100e-01  1.5210e-01
  1.5200e-01  1.5181e-01
  1.5300e-01  1.5152e-01
  1.5400e-01  1.5124e-01
  1.5500e-01  1.5095e-01
  1.5600e-01  1.5067e-01
  1.5700e-01  1.5038e-01
  1.5800e-01  1.5009e-01
  1.5900e-01  1.4981e-01
  1.6000e-01  1.4953e-01
  1.6100e-01  1.4924e-01
  1.6200e-01  1.4896e-01
  1.6300e-01  1.4867e-01
  1.6400e-01  1.4839e-01
  1.6500e-01  1.4811e-01
  1.6600e-01  1.4782e-01
  1.6700e-01  1.4754e-01
  1.6800e-01  1.4726e-01
  1.6900e-01  1.4698e-01
  1.7000e-01  1.4670e-01
  1.7100e-01  1.4642e-01
  1.7200e-01  1.4614e-01
  1.7300e-01  1.4586e-01
  1.7400e-01  1.4558e-01
  1.7500e-01  1.4530e-01
  1.7600e-01  1.4502e-01
  1.7700e-01  1.4474e-01
  1.7800e-01  1.4446e-01
  1.7900e-01  1.4418e-01
  1.8000e-01  1.4390e-01
  1.8100e-01  1.4362e-01
  1.8200e-01  1.4335e-01
  1.8300e-01  1.4307e-01
  1.8400e-01  1.4279e-01
  1.8500e-01  1.4252e-01
  1.8600e-01  1.4224e-01
  1.8700e-01  1.4197e-01
  1.8800e-01  1.4169e-01
  1.8900e-01  1.4142e-01
  1.9000e-01  1.4114e-01
  1.9100e-01  1.4087e-01
  1.9200e-01  1.4059e-01
  1.9300e-01  1.4032e-01
  1.9400e-01  1.4005e-01
  1.9500e-01  1.3977e-01
  1.9600e-01  1.3950e-01
  1.9700e-01  1.3923e-01
  1.9800e-01  1.3895e-01
  1.9900e-01  1.3868e-01
  2.0000e-01  1.3841e-01
  2.0100e-01  1.3814e-01
  2.0200e-01  1.3787e-01
  2.0300e-01  1.3760e-01
  2.0400e-01  1.3733e-01
  2.0500e-01  1.3706e-01
  2.0600e-01  1.3679e-01
  2.0700e-01  1.3652e-01
  2.0800e-01  1.3625e-01
  2.0900e-01  1.3598e-01
  2.1000e-01  1.3571e-01
  2.1100e-01  1.3545e-01
  2.1200e-01  1.3518e-01
  2.1300e-01  1.3491e-01
  2.1400e-01  1.3464e-01
  2.1500e-01  1.3438e-01
  2.1600e-01  1.3411e-01
  2.1700e-01  1.3385e-01
  2.1800e-01  1.3358e-01
  2.1900e-01  1.3331e-01
  2.2000e-01  1.3305e-01
  2.2100e-01  1.3278e-01
  2.2200e-01  1.3252e-01
  2.2300e-01  1.3226e-01
  2.2400e-01  1.3199e-01
  2.2500e-01  1.3173e-01
  2.2600e-01  1.3147e-01
  2.2700e-01  1.3120e-01
  2.2800e-01  1.3094e-01
  2.2900e-01  1.3068e-01
  2.3000e-01  1.3042e-01
  2.3100e-01  1.3015e-01
  2.3200e-01  1.2989e-01
  2.3300e-01  1.2963e-01
  2.3400e-01  1.2937e-01
  2.3500e-01  1.2911e-01
  2.3600e-01  1.2885e-01
  2.3700e-01  1.2859e-01
  2.3800e-01  1.2833e-01
  2.3900e-01  1.2807e-01
  2.4000e-01  1.2781e-01
  2.4100e-01  1.2755e-01
  2.4200e-01  1.2730e-01
  2.4300e-01  1.2704e-01
  2.4400e-01  1.2678e-01
  2.4500e-01  1.2652e-01
  2.4600e-01  1.2627e-01
  2.4700e-01  1.2601e-01
  2.4800e-01  1.2575e-01
  2.4900e-01  1.2550e-01
  2.5000e-01  1.2524e-01
  2.5100e-01  1.2499e-01
  2.5200e-01  1.2473e-01
  2.5300e-01  1.2448e-01
  2.5400e-01  1.2422e-01
  2.5500e-01  1.2397e-01
  2.5600e-01  1.2371e-01
  2.5700e-01  1.2346e-01
  2.5800e-01  1.2321e-01
  2.5900e-01  1.2295e-01
  2.6000e-01  1.2270e-01
  2.6100e-01  1.2245e-01
  2.6200e-01  1.2220e-01
  2.6300e-01  1.2194e-01
  2.6400e-01  1.2169e-01
  2.6500e-01  1.2144e-01
  2.6600e-01  1.2119e-01
  2.6700e-01  1.2094e-01
  2.6800e-01  1.2069e-01
  2.6900e-01  1.2044e-01
  2.7000e-01  1.2019e-01
  2.7100e-01  1.1994e-01
  2.7200e-01  1.1969e-01
  2.7300e-01  1.1944e-01
  2.7400e-01  1.1919e-01
  2.7500e-01  1.1894e-01
  2.7600e-01  1.1870e-01
  2.7700e-01  1.1845e-01
  2.7800e-01  1.1820e-01
  2.7900e-01  1.1795e-01
  2.8000e-01  1.1771e-01
  2.8100e-01  1.1746e-01
  2.8200e-01  1.1721e-01
  2.8300e-01  1.1697e-01
  2.8400e-01  1.1672e-01
  2.8500e-01  1.1648e-01
  2.8600e-01  1.1623e-01
  2.8700e-01  1.1599e-01
  2.8800e-01  1.1574e-01
  2.8900e-01  1.1550e-01
  2.9000e-01  1.1526e-01
  2.9100e-01  1.1501e-01
  2.9200e-01  1.1477e-01
  2.9300e-01  1.1453e-01
  2.9400e-01  1.1428e-01
  2.9500e-01  1.1404e-01
  2.9600e-01  1.1380e-01
  2.9700e-01  1.1356e-01
  2.9800e-01  1.1332e-01
  2.9900e-01  1.1307e-01
  3.0000e-01  1.1283e-01
  3.0100e-01  1.1259e-01
  3.0200e-01  1.1235e-01
  3.0300e-01  1.1211e-01
  3.0400e-01  1.1187e-01
  3.0500e-01  1.1163e-01
  3.0600e-01  1.1139e-01
  3.0700e-01  1.1115e-01
  3.0800e-01  1.1092e-01
  3.0900e-01  1.1068e-01
  3.1000e-01  1.1044e-01
  3.1100e-01  1.1020e-01
  3.1200e-01  1.0996e-01
  3.1300e-01  1.0973e-01
  3.1400e-01  1.0949e-01
  3.1500e-01  1.0925e-01
  3.1600e-01  1.0902e-01
  3.1700e-01  1.0878e-01
  3.1800e-01  1.0854e-01
  3.1900e-01  1.0831e-01
  3.2000e-01  1.0807e-01
  3.2100e-01  1.0784e-01
  3.2200e-01  1.0760e-01
  3.2300e-01  1.0737e-01
  3.2400e-01  1.0714e-01
  3.2500e-01  1.0690e-01
  3.2600e-01  1.0667e-01
  3.2700e-01  1.0644e-01
  3.2800e-01  1.0620e-01
  3.2900e-01  1.0597e-01
  3.3000e-01  1.0574e-01
  3.3100e-01  1.0550e-01
  3.3200e-01  1.0527e-01
  3.3300e-01  1.0504e-01
  3.3400e-01  1.0481e-01
  3.3500e-01  1.0458e-01
  3.3600e-01  1.0435e-01
  3.3700e-01  1.0412e-01
  3.3800e-01  1.0389e-01
  3.3900e-01  1.0366e-01
  3.4000e-01  1.0343e-01
  3.4100e-01  1.0320e-01
  3.4200e-01  1.0297e-01
  3.4300e-01  1.0274e-01
  3.4400e-01  1.0251e-01
  3.4500e-01  1.0228e-01
  3.4600e-01  1.0206e-01
  3.4700e-01  1.0183e-01
  3.4800e-01  1.0160e-01
  3.4900e-01  1.0137e-01
  3.5000e-01  1.0115e-01
  3.5100e-01  1.0092e-01
  3.5200e-01  1.0069e-01
  3.5300e-01  1.0047e-01
  3.5400e-01  1.0024e-01
  3.5500e-01  1.0002e-01
  3.5600e-01  9.9791e-02
  3.5700e-01  9.9566e-02
  3.5800e-01  9.9341e-02
  3.5900e-01  9.9117e-02
  3.6000e-01  9.8893e-02
  3.6100e-01  9.8669e-02
  3.6200e-01  9.8445e-02
  3.6300e-01  9.8222e-02
  3.6400e-01  9.7999e-02
  3.6500e-01  9.7776e-02
  3.6600e-01  9.7553e-02
  3.6700e-01  9.7331e-02
  3.6800e-01  9.7109e-02
  3.6900e-01  9.6887e-02
  3.7000e-01  9.6666e-02
  3.7100e-01  9.6444e-02
  3.7200e-01  9.6223e-02
  3.7300e-01  9.6003e-02
  3.7400e-01  9.5782e-02
  3.7500e-01  9.5562e-02
  3.7600e-01  9.5342e-02
  3.7700e-01  9.5123e-02
  3.7800e-01  9.4903e-02
  3.7900e-01  9.4684e-02
  3.8000e-01  9.4465e-02
  3.8100e-01  9.4247e-02
  3.8200e-01  9.4028e-02
  3.8300e-01  9.3810e-02
  3.8400e-01  9.3593e-02
  3.8500e-01  9.3375e-02
  3.8600e-01  9.3158e-02
  3.8700e-01  9.2941e-02
  3.8800e-01  9.2724e-02
  3.8900e-01  9.2508e-02
  3.9000e-01  9.2292e-02
  3.9100e-01  9.2076e-02
  3.9200e-01  9.1860e-02
  3.9300e-01  9.1645e-02
  3.9400e-01  9.1429e-02
  3.9500e-01  9.1214e-02
  3.9600e-01  9.1000e-02
  3.9700e-01  9.0785e-02
  3.9800e-01  9.0571e-02
  3.9900e-01  9.0358e-02
  4.0000e-01  9.0144e-02
  4.0100e-01  8.9931e-02
  4.0200e-01  8.9718e-02
  4.0300e-01  8.9505e-02
  4.0400e-01  8.9292e-02
  4.0500e-01  8.9080e-02
  4.0600e-01  8.8868e-02
  4.0700e-01  8.8656e-02
  4.0800e-01  8.8444e-02
  4.0900e-01  8.8233e-02
  4.1000e-01  8.8022e-02
  4.1100e-01  8.7811e-02
  4.1200e-01  8.7601e-02
  4.1300e-01  8.7391e-02
  4.1400e-01  8.7181e-02
  4.1500e-01  8.6971e-02
  4.1600e-01  8.6761e-02
  4.1700e-01  8.6552e-02
  4.1800e-01  8.6343e-02
  4.1900e-01  8.6135e-02
  4.2000e-01  8.5926e-02
  4.2100e-01  8.5718e-02
  4.2200e-01  8.5510e-02
  4.2300e-01  8.5302e-02
  4.2400e-01  8.5095e-02
  4.2500e-01  8.4887e-02
  4.2600e-01  8.4681e-02
  4.2700e-01  8.4474e-02
  4.2800e-01  8.4267e-02
  4.2900e-01  8.4061e-02
  4.3000e-01  8.3855e-02
  4.3100e-01  8.3650e-02
  4.3200e-01  8.3444e-02
  4.3300e-01  8.3239e-02
  4.3400e-01  8.3034e-02
  4.3500e-01  8.2829e-02
  4.3600e-01  8.2625e-02
  4.3700e-01  8.2421e-02
  4.3800e-01  8.2217e-02
  4.3900e-01  8.2013e-02
  4.4000e-01  8.1809e-02
  4.4100e-01  8.1606e-02
  4.4200e-01  8.1403e-02
  4.4300e-01  8.1201e-02
  4.4400e-01  8.0998e-02
  4.4500e-01  8.0796e-02
  4.4600e-01  8.0594e-02
  4.4700e-01  8.0392e-02
  4.4800e-01  8.0191e-02
  4.4900e-01  7.9989e-02
  4.5000e-01  7.9788e-02
  4.5100e-01  7.9588e-02
  4.5200e-01  7.9387e-02
  4.5300e-01  7.9187e-02
  4.5400e-01  7.8987e-02
  4.5500e-01  7.8787e-02
  4.5600e-01  7.8588e-02
  4.5700e-01  7.8388e-02
  4.5800e-01  7.8189e-02
  4.5900e-01  7.7991e-02
  4.6000e-01  7.7792e-02
  4.6100e-01  7.7594e-02
  4.6200e-01  7.7396e-02
  4.6300e-01  7.7198e-02
  4.6400e-01  7.7000e-02
  4.6500e-01  7.6803e-02
  4.6600e-01  7.6606e-02
  4.6700e-01  7.6409e-02
  4.6800e-01  7.6212e-02
  4.6900e-01  7.6016e-02
  4.7000e-01  7.5820e-02
  4.7100e-01  7.5624e-02
  4.7200e-01  7.5428e-02
  4.7300e-01  7.5233e-02
  4.7400e-01  7.5038e-02
  4.7500e-01  7.4843e-02
  4.7600e-01  7.4648e-02
  4.7700e-01  7.4453e-02
  4.7800e-01  7.4259e-02
  4.7900e-01  7.4065e-02
  4.8000e-01  7.3871e-02
  4.8100e-01  7.3678e-02
  4.8200e-01  7.3485e-02
  4.8300e-01  7.3292e-02
  4.8400e-01  7.3099e-02
  4.8500e-01  7.2906e-02
  4.8600e-01  7.2714e-02
  4.8700e-01  7.2522e-02
  4.8800e-01  7.2330e-02
  4.8900e-01  7.2138e-02
  4.9000e-01  7.1947e-02
  4.9100e-01  7.1756e-02
  4.9200e-01  7.1565e-02
  4.9300e-01  7.1374e-02
  4.9400e-01  7.1184e-02
  4.9500e-01  7.0993e-02
  4.9600e-01  7.0803e-02
  4.9700e-01  7.0614e-02
  4.9800e-01  7.0424e-02
  4.9900e-01  7.0235e-02
  5.0000e-01  7.0046e-02
  5.0100e-01  6.9857e-02
  5.0200e-01  6.9668e-02
  5.0300e-01  6.9480e-02
  5.0400e-01  6.9292e-02
  5.0500e-01  6.9104e-02
  5.0600e-01  6.8916e-02
  5.0700e-01  6.8729e-02
  5.0800e-01  6.8542e-02
  5.0900e-01  6.8355e-02
  5.1000e-01  6.8168e-02
  5.1100e-01  6.7981e-02
  5.1200e-01  6.7795e-02
  5.1300e-01  6.7609e-02
  5.1400e-01  6.7423e-02
  5.1500e-01  6.7238e-02
  5.1600e-01  6.7052e-02
  5.1700e-01  6.6867e-02
  5.1800e-01  6.6682e-02
  5.1900e-01  6.6497e-02
  5.2000e-01  6.6313e-02
  5.2100e-01  6.6129e-02
  5.2200e-01  6.5945e-02
  5.2300e-01  6.5761e-02
  5.2400e-01  6.5577e-02
  5.2500e-01  6.5394e-02
  5.2600e-01  6.5211e-02
  5.2700e-01  6.5028e-02
  5.2800e-01  6.4845e-02
  5.2900e-01  6.4663e-02
  5.3000e-01  6.4481e-02
  5.3100e-01  6.4299e-02
  5.3200e-01  6.4117e-02
  5.3300e-01  6.3935e-02
  5.3400e-01  6.3754e-02
  5.3500e-01  6.3573e-02
  5.3600e-01  6.3392e-02
  5.3700e-01  6.3212e-02
  5.3800e-01  6.3031e-02
  5.3900e-01  6.2851e-02
  5.4000e-01  6.2671e-02
  5.4100e-01  6.2491e-02
  5.4200e-01  6.2312e-02
  5.4300e-01  6.2132e-02
  5.4400e-01  6.1953e-02
  5.4500e-01  6.1774e-02
  5.4600e-01  6.1596e-02
  5.4700e-01  6.1417e-02
  5.4800e-01  6.1239e-02
  5.4900e-01  6.1061e-02
  5.5000e-01  6.0883e-02
  5.5100e-01  6.0706e-02
  5.5200e-01  6.0528e-02
  5.5300e-01  6.0351e-02
  5.5400e-01  6.0174e-02
  5.5500e-01  5.9998e-02
  5.5600e-01  5.9821e-02
  5.5700e-01  5.9645e-02
  5.5800e-01  5.9469e-02
  5.5900e-01  5.9293e-02
  5.6000e-01  5.9118e-02
  5.6100e-01  5.8942e-02
  5.6200e-01  5.8767e-02
  5.6300e-01  5.8592e-02
  5.6400e-01  5.8418e-02
  5.6500e-01  5.8243e-02
  5.6600e-01  5.8069e-02
  5.6700e-01  5.7895e-02
  5.6800e-01  5.7721e-02
  5.6900e-01  5.7547e-02
  5.7000e-01  5.7374e-02
  5.7100e-01  5.7201e-02
  5.7200e-01  5.7028e-02
  5.7300e-01  5.6855e-02
  5.7400e-01  5.6682e-02
  5.7500e-01  5.6510e-02
  5.7600e-01  5.6338e-02
  5.7700e-01  5.6166e-02
  5.7800e-01  5.5994e-02
  5.7900e-01  5.5823e-02
  5.8000e-01  5.5651e-02
  5.8100e-01  5.5480e-02
  5.8200e-01  5.5309e-02
  5.8300e-01  5.5139e-02
  5.8400e-01  5.4968e-02
  5.8500e-01  5.4798e-02
  5.8600e-01  5.4628e-02
  5.8700e-01  5.4458e-02
  5.8800e-01  5.4289e-02
  5.8900e-01  5.4119e-02
  5.9000e-01  5.3950e-02
  5.9100e-01  5.3781e-02
  5.9200e-01  5.3612e-02
  5.9300e-01  5.3444e-02
  5.9400e-01  5.3276e-02
  5.9500e-01  5.3107e-02
  5.9600e-01  5.2940e-02
  5.9700e-01  5.2772e-02
  5.9800e-01  5.2604e-02
  5.9900e-01  5.2437e-02
  6.0000e-01  5.2270e-02
  6.0100e-01  5.2103e-02
  6.0200e-01  5.1936e-02
  6.0300e-01  5.1770e-02
  6.0400e-01  5.1604e-02
  6.0500e-01  5.1438e-02
  6.0600e-01  5.1272e-02
  6.0700e-01  5.1106e-02
  6.0800e-01  5.0941e-02
  6.0900e-01  5.0776e-02
  6.1000e-01  5.0611e-02
  6.1100e-01  5.0446e-02
  6.1200e-01  5.0281e-02
  6.1300e-01  5.0117e-02
  6.1400e-01  4.9953e-02
  6.1500e-01  4.9789e-02
  6.1600e-01  4.9625e-02
  6.1700e-01  4.9461e-02
  6.1800e-01  4.9298e-02
  6.1900e-01  4.9135e-02
  6.2000e-01  4.8972e-02
  6.2100e-01  4.8809e-02
  6.2200e-01  4.8646e-02
  6.2300e-01  4.8484e-02
  6.2400e-01  4.8322e-02
  6.2500e-01  4.8160e-02
  6.2600e-01  4.7998e-02
  6.2700e-01  4.7837e-02
  6.2800e-01  4.7675e-02
  6.2900e-01  4.7514e-02
  6.3000e-01  4.7353e-02
  6.3100e-01  4.7192e-02
  6.3200e-01  4.7032e-02
  6.3300e-01  4.6872e-02
  6.3400e-01  4.6711e-02
  6.3500e-01  4.6552e-02
  6.3600e-01  4.6392e-02
  6.3700e-01  4.6232e-02
  6.3800e-01  4.6073e-02
  6.3900e-01  4.5914e-02
  6.4000e-01  4.5755e-02
  6.4100e-01  4.5596e-02
  6.4200e-01  4.5438e-02
  6.4300e-01  4.5279e-02
  6.4400e-01  4.5121e-02
  6.4500e-01  4.4963e-02
  6.4600e-01  4.4805e-02
  6.4700e-01  4.4648e-02
  6.4800e-01  4.4490e-02
  6.4900e-01  4.4333e-02
  6.5000e-01  4.4176e-02
  6.5100e-01  4.4020e-02
  6.5200e-01  4.3863e-02
  6.5300e-01  4.3707e-02
  6.5400e-01  4.3550e-02
  6.5500e-01  4.3394e-02
  6.5600e-01  4.3239e-02
  6.5700e-01  4.3083e-02
  6.5800e-01  4.2928e-02
  6.5900e-01  4.2772e-02
  6.6000e-01  4.2617e-02
  6.6100e-01  4.2463e-02
  6.6200e-01  4.2308e-02
  6.6300e-01  4.2154e-02
  6.6400e-01  4.1999e-02
  6.6500e-01  4.1845e-02
  6.6600e-01  4.1692e-02
  6.6700e-01  4.1538e-02
  6.6800e-01  4.1384e-02
  6.6900e-01  4.1231e-02
  6.7000e-01  4.1078e-02
  6.7100e-01  4.0925e-02
  6.7200e-01  4.0773e-02
  6.7300e-01  4.0620e-02
  6.7400e-01  4.0468e-02
  6.7500e-01  4.0316e-02
  6.7600e-01  4.0164e-02
  6.7700e-01  4.0012e-02
  6.7800e-01  3.9860e-02
  6.7900e-01  3.9709e-02
  6.8000e-01  3.9558e-02
  6.8100e-01  3.9407e-02
  6.8200e-01  3.9256e-02
  6.8300e-01  3.9106e-02
  6.8400e-01  3.8955e-02
  6.8500e-01  3.8805e-02
  6.8600e-01  3.8655e-02
  6.8700e-01  3.8505e-02
  6.8800e-01  3.8356e-02
  6.8900e-01  3.8206e-02
  6.9000e-01  3.8057e-02
  6.9100e-01  3.7908e-02
  6.9200e-01  3.7759e-02
  6.9300e-01  3.7610e-02
  6.9400e-01  3.7462e-02
  6.9500e-01  3.7313e-02
  6.9600e-01  3.7165e-02
  6.9700e-01  3.7017e-02
  6.9800e-01  3.6870e-02
  6.9900e-01  3.6722e-02
  7.0000e-01  3.6575e-02
  7.0100e-01  3.6427e-02
  7.0200e-01  3.6280e-02
  7.0300e-01  3.6133e-02
  7.0400e-01  3.5987e-02
  7.0500e-01  3.5840e-02
  7.0600e-01  3.5694e-02
  7.0700e-01  3.5548e-02
  7.0800e-01  3.5402e-02
  7.0900e-01  3.5256e-02
  7.1000e-01  3.5111e-02
  7.1100e-01  3.4965e-02
  7.1200e-01  3.4820e-02
  7.1300e-01  3.4675e-02
  7.1400e-01  3.4531e-02
  7.1500e-01  3.4386e-02
  7.1600e-01  3.4241e-02
  7.1700e-01  3.4097e-02
  7.1800e-01  3.3953e-02
  7.1900e-01  3.3809e-02
  7.2000e-01  3.3666e-02
  7.2100e-01  3.3522e-02
  7.2200e-01  3.3379e-02
  7.2300e-01  3.3236e-02
  7.2400e-01  3.3093e-02
  7.2500e-01  3.2950e-02
  7.2600e-01  3.2807e-02
  7.2700e-01  3.2665e-02
  7.2800e-01  3.2522e-02
  7.2900e-01  3.2380e-02
  7.3000e-01  3.2238e-02
  7.3100e-01  3.2097e-02
  7.3200e-01  3.1955e-02
  7.3300e-01  3.1814e-02
  7.3400e-01  3.1673e-02
  7.3500e-01  3.1532e-02
  7.3600e-01  3.1391e-02
  7.3700e-01  3.1250e-02
  7.3800e-01  3.1110e-02
  7.3900e-01  3.0970e-02
  7.4000e-01  3.0829e-02
  7.4100e-01  3.0689e-02
  7.4200e-01  3.0550e-02
  7.4300e-01  3.0410e-02
  7.4400e-01  3.0271e-02
  7.4500e-01  3.0132e-02
  7.4600e-01  2.9993e-02
  7.4700e-01  2.9854e-02
  7.4800e-01  2.9715e-02
  7.4900e-01  2.9576e-02
  7.5000e-01  2.9438e-02
  7.5100e-01  2.9300e-02
  7.5200e-01  2.9162e-02
  7.5300e-01  2.9024e-02
  7.5400e-01  2.8887e-02
  7.5500e-01  2.8749e-02
  7.5600e-01  2.8612e-02
  7.5700e-01  2.8475e-02
  7.5800e-01  2.8338e-02
  7.5900e-01  2.8201e-02
  7.6000e-01  2.8064e-02
  7.6100e-01  2.7928e-02
  7.6200e-01  2.7792e-02
  7.6300e-01  2.7656e-02
  7.6400e-01  2.7520e-02
  7.6500e-01  2.7384e-02
  7.6600e-01  2.7249e-02
  7.6700e-01  2.7113e-02
  7.6800e-01  2.6978e-02
  7.6900e-01  2.6843e-02
  7.7000e-01  2.6708e-02
  7.7100e-01  2.6574e-02
  7.7200e-01  2.6439e-02
  7.7300e-01  2.6305e-02
  7.7400e-01  2.6171e-02
  7.7500e-01  2.6037e-02
  7.7600e-01  2.5903e-02
  7.7700e-01  2.5769e-02
  7.7800e-01  2.5636e-02
  7.7900e-01  2.5502e-02
  7.8000e-01  2.5369e-02
  7.8100e-01  2.5236e-02
  7.8200e-01  2.5103e-02
  7.8300e-01  2.4971e-02
  7.8400e-01  2.4838e-02
  7.8500e-01  2.4706e-02
  7.8600e-01  2.4574e-02
  7.8700e-01  2.4442e-02
  7.8800e-01  2.4310e-02
  7.8900e-01  2.4179e-02
  7.9000e-01  2.4047e-02
  7.9100e-01  2.3916e-02
  7.9200e-01  2.3785e-02
  7.9300e-01  2.3654e-02
  7.9400e-01  2.3523e-02
  7.9500e-01  2.3393e-02
  7.9600e-01  2.3262e-02
  7.9700e-01  2.3132e-02
  7.9800e-01  2.3002e-02
  7.9900e-01  2.2872e-02
  8.0000e-01  2.2742e-02
  8.0100e-01  2.2613e-02
  8.0200e-01  2.2483e-02
  8.0300e-01  2.2354e-02
  8.0400e-01  2.2225e-02
  8.0500e-01  2.2096e-02
  8.0600e-01  2.1967e-02
  8.0700e-01  2.1838e-02
  8.0800e-01  2.1710e-02
  8.0900e-01  2.1582e-02
  8.1000e-01  2.1454e-02
  8.1100e-01  2.1326e-02
  8.1200e-01  2.1198e-02
  8.1300e-01  2.1070e-02
  8.1400e-01  2.0943e-02
  8.1500e-01  2.0816e-02
  8.1600e-01  2.0688e-02
  8.1700e-01  2.0562e-02
  8.1800e-01  2.0435e-02
  8.1900e-01  2.0308e-02
  8.2000e-01  2.0182e-02
  8.2100e-01  2.0055e-02
  8.2200e-01  1.9929e-02
  8.2300e-01  1.9803e-02
  8.2400e-01  1.9677e-02
  8.2500e-01  1.9552e-02
  8.2600e-01  1.9426e-02
  8.2700e-01  1.9301e-02
  8.2800e-01  1.9176e-02
  8.2900e-01  1.9051e-02
  8.3000e-01  1.8926e-02
  8.3100e-01  1.8801e-02
  8.3200e-01  1.8677e-02
  8.3300e-01  1.8552e-02
  8.3400e-01  1.8428e-02
  8.3500e-01  1.8304e-02
  8.3600e-01  1.8180e-02
  8.3700e-01  1.8057e-02
  8.3800e-01  1.7933e-02
  8.3900e-01  1.7810e-02
  8.4000e-01  1.7686e-02
  8.4100e-01  1.7563e-02
  8.4200e-01  1.7440e-02
  8.4300e-01  1.7318e-02
  8.4400e-01  1.7195e-02
  8.4500e-01  1.7073e-02
  8.4600e-01  1.6950e-02
  8.4700e-01  1.6828e-02
  8.4800e-01  1.6706e-02
  8.4900e-01  1.6584e-02
  8.5000e-01  1.6463e-02
  8.5100e-01  1.6341e-02
  8.5200e-01  1.6220e-02
  8.5300e-01  1.6099e-02
  8.5400e-01  1.5978e-02
  8.5500e-01  1.5857e-02
  8.5600e-01  1.5736e-02
  8.5700e-01  1.5616e-02
  8.5800e-01  1.5495e-02
  8.5900e-01  1.5375e-02
  8.6000e-01  1.5255e-02
  8.6100e-01  1.5135e-02
  8.6200e-01  1.5015e-02
  8.6300e-01  1.4896e-02
  8.6400e-01  1.4776e-02
  8.6500e-01  1.4657e-02
  8.6600e-01  1.4538e-02
  8.6700e-01  1.4419e-02
  8.6800e-01  1.4300e-02
  8.6900e-01  1.4181e-02
  8.7000e-01  1.4063e-02
  8.7100e-01  1.3944e-02
  8.7200e-01  1.3826e-02
  8.7300e-01  1.3708e-02
  8.7400e-01  1.3590e-02
  8.7500e-01  1.3472e-02
  8.7600e-01  1.3355e-02
  8.7700e-01  1.3237e-02
  8.7800e-01  1.3120e-02
  8.7900e-01  1.3003e-02
  8.8000e-01  1.2886e-02
  8.8100e-01  1.2769e-02
  8.8200e-01  1.2652e-02
  8.8300e-01  1.2536e-02
  8.8400e-01  1.2419e-02
  8.8500e-01  1.2303e-02
  8.8600e-01  1.2187e-02
  8.8700e-01  1.2071e-02
  8.8800e-01  1.1955e-02
  8.8900e-01  1.1840e-02
  8.9000e-01  1.1724e-02
  8.9100e-01  1.1609e-02
  8.9200e-01  1.1494e-02
  8.9300e-01  1.1379e-02
  8.9400e-01  1.1264e-02
  8.9500e-01  1.1149e-02
  8.9600e-01  1.1034e-02
  8.9700e-01  1.0920e-02
  8.9800e-01  1.0806e-02
  8.9900e-01  1.0692e-02
  9.0000e-01  1.0578e-02
  9.0100e-01  1.0464e-02
  9.0200e-01  1.0350e-02
  9.0300e-01  1.0237e-02
  9.0400e-01  1.0123e-02
  9.0500e-01  1.0010e-02
  9.0600e-01  9.8969e-03
  9.0700e-01  9.7840e-03
  9.0800e-01  9.6712e-03
  9.0900e-01  9.5586e-03
  9.1000e-01  9.4461e-03
  9.1100e-01  9.3338e-03
  9.1200e-01  9.2216e-03
  9.1300e-01  9.1095e-03
  9.1400e-01  8.9976e-03
  9.1500e-01  8.8859e-03
  9.1600e-01  8.7743e-03
  9.1700e-01  8.6628e-03
  9.1800e-01  8.5515e-03
  9.1900e-01  8.4404e-03
  9.2000e-01  8.3294e-03
  9.2100e-01  8.2185e-03
  9.2200e-01  8.1078e-03
  9.2300e-01  7.9972e-03
  9.2400e-01  7.8868e-03
  9.2500e-01  7.7765e-03
  9.2600e-01  7.6664e-03
  9.2700e-01  7.5564e-03
  9.2800e-01  7.4466e-03
  9.2900e-01  7.3369e-03
  9.3000e-01  7.2273e-03
  9.3100e-01  7.1179e-03
  9.3200e-01  7.0086e-03
  9.3300e-01  6.8995e-03
  9.3400e-01  6.7906e-03
  9.3500e-01  6.6817e-03
  9.3600e-01  6.5731e-03
  9.3700e-01  6.4645e-03
  9.3800e-01  6.3561e-03
  9.3900e-01  6.2479e-03
  9.4000e-01  6.1398e-03
  9.4100e-01  6.0319e-03
  9.4200e-01  5.9240e-03
  9.4300e-01  5.8164e-03
  9.4400e-01  5.7089e-03
  9.4500e-01  5.6015e-03
  9.4600e-01  5.4943e-03
  9.4700e-01  5.3872e-03
  9.4800e-01  5.2802e-03
  9.4900e-01  5.1734e-03
  9.5000e-01  5.0668e-03
  9.5100e-01  4.9603e-03
  9.5200e-01  4.8539e-03
  9.5300e-01  4.7477e-03
  9.5400e-01  4.6416e-03
  9.5500e-01  4.5357e-03
  9.5600e-01  4.4299e-03
  9.5700e-01  4.3243e-03
  9.5800e-01  4.2188e-03
  9.5900e-01  4.1135e-03
  9.6000e-01  4.0083e-03
  9.6100e-01  3.9032e-03
  9.6200e-01  3.7983e-03
  9.6300e-01  3.6936e-03
  9.6400e-01  3.5890e-03
  9.6500e-01  3.4845e-03
  9.6600e-01  3.3802e-03
  9.6700e-01  3.2761e-03
  9.6800e-01  3.1721e-03
  9.6900e-01  3.0682e-03
  9.7000e-01  2.9646e-03
  9.7100e-01  2.8610e-03
  9.7200e-01  2.7576e-03
  9.7300e-01  2.6544e-03
  9.7400e-01  2.5514e-03
  9.7500e-01  2.4485e-03
  9.7600e-01  2.3458e-03
  9.7700e-01  2.2432e-03
  9.7800e-01  2.1408e-03
  9.7900e-01  2.0386e-03
  9.8000e-01  1.9366e-03
  9.8100e-01  1.8348e-03
  9.8200e-01  1.7332e-03
  9.8300e-01  1.6318e-03
  9.8400e-01  1.5306e-03
  9.8500e-01  1.4297e-03
  9.8600e-01  1.3291e-03
  9.8700e-01  1.2287e-03
  9.8800e-01  1.1287e-03
  9.8900e-01  1.0291e-03
  9.9000e-01  9.2989e-04
  9.9100e-01  8.3125e-04
  9.9200e-01  7.3329e-04
  9.9300e-01  6.3622e-04
  9.9400e-01  5.4037e-04
  9.9500e-01  4.4626e-04
  9.9600e-01  3.5487e-04
  9.9700e-01  2.6814e-04
  9.9800e-01  1.9059e-04
  9.9900e-01  1.3578e-04
