  0.0000e+00  1.3456e-02
  1.0000e-02  1.9271e+00
  2.0000e-02  1.8938e+00
  3.0000e-02  1.8609e+00
  4.0000e-02  1.8283e+00
  5.0000e-02  1.7962e+00
  6.0000e-02  1.7644e+00
  7.0000e-02  1.7330e+00
  8.0000e-02  1.7020e+00
  9.0000e-02  1.6713e+00
  1.0000e-01  1.6410e+00
  1.1000e-01  1.6110e+00
  1.2000e-01  1.5814e+00
  1.3000e-01  1.5522e+00
  1.4000e-01  1.5232e+00
  1.5000e-01  1.4947e+00
  1.6000e-01  1.4664e+00
  1.7000e-01  1.4385e+00
  1.8000e-01  1.4109e+00
  1.9000e-01  1.3837e+00
  2.0000e-01  1.3567e+00
  2.1000e-01  1.3301e+00
  2.2000e-01  1.3038e+00
  2.3000e-01  1.2778e+00
  2.4000e-01  1.2521e+00
  2.5000e-01  1.2268e+00
  2.6000e-01  1.2017e+00
  2.7000e-01  1.1769e+00
  2.8000e-01  1.1524e+00
  2.9000e-01  1.1282e+00
  3.0000e-01  1.1043e+00
  3.1000e-01  1.0807e+00
  3.2000e-01  1.0574e+00
  3.3000e-01  1.0343e+00
  3.4000e-01  1.0115e+00
  3.5000e-01  9.8904e-01
  3.6000e-01  9.6681e-01
  3.7000e-01  9.4484e-01
  3.8000e-01  9.2313e-01
  3.9000e-01  9.0169e-01
  4.0000e-01  8.8051e-01
  4.1000e-01  8.5958e-01
  4.2000e-01  8.3891e-01
  4.3000e-01  8.1848e-01
  4.4000e-01  7.9831e-01
  4.5000e-01  7.7838e-01
  4.6000e-01  7.5869e-01
  4.7000e-01  7.3924e-01
  4.8000e-01  7.2003e-01
  4.9000e-01  7.0105e-01
  5.0000e-01  6.8231e-01
  5.1000e-01  6.6379e-01
  5.2000e-01  6.4551e-01
  5.3000e-01  6.2744e-01
  5.4000e-01  6.0960e-01
  5.5000e-01  5.9198e-01
  5.6000e-01  5.7458e-01
  5.7000e-01  5.5739e-01
  5.8000e-01  5.4042e-01
  5.9000e-01  5.2365e-01
  6.0000e-01  5.0710e-01
  6.1000e-01  4.9075e-01
  6.2000e-01  4.7460e-01
  6.3000e-01  4.5866e-01
  6.4000e-01  4.4291e-01
  6.5000e-01  4.2737e-01
  6.6000e-01  4.1202e-01
  6.7000e-01  3.9686e-01
  6.8000e-01  3.8189e-01
  6.9000e-01  3.6711e-01
  7.0000e-01  3.5253e-01
  7.1000e-01  3.3812e-01
  7.2000e-01  3.2390e-01
  7.3000e-01  3.0986e-01
  7.4000e-01  2.9601e-01
  7.5000e-01  2.8233e-01
  7.6000e-01  2.6883e-01
  7.7000e-01  2.5550e-01
  7.8000e-01  2.4235e-01
  7.9000e-01  2.2937e-01
  8.0000e-01  2.1656e-01
  8.1000e-01  2.0392e-01
  8.2000e-01  1.9145e-01
  8.3000e-01  1.7915e-01
  8.4000e-01  1.6702e-01
  8.5000e-01  1.5506e-01
  8.6000e-01  1.4326e-01
  8.7000e-01  1.3164e-01
  8.8000e-01  1.2018e-01
  8.9000e-01  1.0890e-01
  9.0000e-01  9.7806e-02
  9.1000e-01  8.6895e-02
  9.2000e-01  7.6184e-02
  9.3000e-01  6.5691e-02
  9.4000e-01  5.5446e-02
  9.5000e-01  4.5501e-02
  9.6000e-01  3.5949e-02
  9.7000e-01  2.6980e-02
  9.8000e-01  1.9038e-02
  9.9000e-01  1.3456e-02
